08F6421,171,38,252,20,30,181,195
04BB621,211,53,192,202,92,84,55
05B0821,59,112,20,124,118,67,113
00E8F21,191,153,57,100,248,169,185
0EF8C21,239,60,232,226,247,75,1
0B69821,204,183,12,218,237,196,186
04FAF21,239,127,116,59,35,53,150
0CAFE21,206,187,255,129,153,230,103
05F5521,9,251,109,181,80,34,168
0B3A021,116,150,57,1,156,59,98
0EDDE21,77,183,104,198,172,76,100
020BA21,107,44,28,121,60,199,175
0B14F21,178,242,203,96,48,44,119
018F721,92,105,210,22,229,214,196
0A47321,10,16,54,59,186,158,98
052EC21,145,144,71,12,188,112,122
0E4F221,103,87,18,248,161,99,38
0692821,203,118,89,24,5,62,26
05FD121,77,116,47,54,178,7,164
0D2E721,21,241,33,60,236,162,168
0D2FE21,109,203,73,71,232,208,175
03A3C21,176,65,234,148,102,191,37
0608621,60,53,29,230,88,246,106
0991321,232,16,73,103,18,60,175
0131921,222,214,120,202,193,92,62
0619E21,227,21,86,62,72,163,17
0DC9421,238,91,89,119,231,85,125
069A021,24,246,182,8,72,183,182
029D421,180,72,248,7,2,199,32
0C58821,200,190,25,8,55,110,145
0086821,17,207,242,139,12,96,232
0E92221,127,166,95,207,138,247,202
0EFB321,40,78,89,170,255,204,117
01E5721,242,103,238,73,255,228,86
0F51721,168,146,153,106,209,45,217
0259621,115,10,106,214,29,174,123
017DE21,207,2,197,216,223,164,74
0510521,50,28,16,211,246,230,221
0186F21,93,234,29,11,241,172,104
0098121,196,74,74,167,151,229,11
01D2921,26,14,76,155,80,228,100
058FE21,146,180,20,56,1,234,105
0163F21,82,37,246,247,249,67,71
0AB5321,255,171,17,40,3,103,152
08E6C21,118,98,13,237,85,154,228
0D5D921,35,225,21,147,73,32,11
064DA21,40,235,134,89,54,212,94
0635F21,138,88,132,181,69,157,42
0FD0421,86,219,162,192,70,181,218
04AEC21,136,170,92,94,128,243,170
0C16C21,186,20,255,108,149,141,190
0DD7B21,155,105,148,96,157,124,199
003A721,89,107,92,187,178,196,144
0029321,111,67,118,62,163,151,72
0EA7621,87,24,93,249,128,33,235
06C3F21,46,106,140,44,211,7,13
0E13B21,80,99,164,133,253,105,87
091FD21,224,241,228,51,111,26,111
0A2D621,18,107,5,75,101,64,255
0349521,64,52,91,229,37,158,17
0F2B121,138,16,101,242,82,31,244
086D121,134,137,206,71,48,117,59
0AAB321,9,73,31,17,183,25,149
03CBD21,239,182,17,227,231,208,145
0B3EF21,69,163,80,80,173,170,103
05CF321,111,251,211,23,182,224,84
0BC1521,180,218,122,22,20,219,45
0232521,141,248,212,89,32,100,116
0EAAF21,8,91,119,238,102,151,85
02A1621,114,250,115,128,187,136,73
02E6F21,96,191,233,52,192,35,82
0FF8E21,186,115,188,242,222,138,59
0189C21,188,63,20,11,62,234,201
06B0321,13,17,227,75,108,166,194
0243221,144,187,96,9,176,83,143
0F5FF21,221,63,131,234,75,58,197
0910721,169,125,34,95,87,77,235
07DC621,9,86,237,5,192,74,241
0289821,219,175,48,212,85,120,138
0874321,134,5,250,38,53,73,191
08A0B21,175,178,244,85,9,5,126
031C121,161,55,137,227,32,181,97
0B1CD21,62,26,85,121,17,158,37
0A59B21,198,114,121,64,116,242,59
0FC7621,173,99,93,215,126,242,165
0418D21,238,253,44,251,178,70,111
0EDC621,37,114,67,71,198,30,223
0B7D021,100,176,166,37,71,67,57
0268121,80,214,53,71,171,191,18
0E87F21,221,12,127,146,233,138,66
0C79221,228,181,203,180,21,255,202
0DA1D21,6,169,158,175,118,165,99
05A9B21,184,148,184,233,141,251,137
018AF21,169,44,229,65,18,28,87
030A921,22,26,9,192,51,211,29
0211C21,98,149,44,188,47,136,28
0429F21,42,124,234,219,222,163,221
0FFB821,152,32,255,219,23,93,226
0B0B221,106,34,119,111,91,201,124
0A14D21,20,30,159,112,248,82,64
0B1C021,115,99,10,85,252,146,133
0AA6121,66,47,76,142,115,164,124
02F3521,58,96,22,159,48,115,127
072D521,48,13,41,48,246,210,155
0D9E021,230,43,139,180,122,178,48
0238421,1,150,112,229,50,218,178
0B40521,127,98,145,52,169,124,21
0F18421,151,66,133,157,198,56,53
019A321,113,44,10,84,239,160,18
0FD6421,14,20,79,185,67,206,127
0083921,5,137,25,244,55,121,26
0B20321,178,111,110,33,224,225,60
0D84C21,193,249,223,150,105,177,82
0505621,137,15,132,154,60,6,105
0412F21,123,100,140,109,253,15,87
08C3721,60,43,169,181,63,197,208
0520421,183,169,60,59,187,81,82
027C021,143,87,164,202,107,212,94
0D3F921,30,235,85,75,110,4,16
0F82821,253,170,190,138,167,182,159
0691E21,164,236,195,2,158,175,97
0DE6821,245,212,40,200,227,245,111
0D9EE21,158,50,28,170,118,213,169
01F7421,251,113,213,215,164,218,205
050D221,27,41,96,65,159,31,151
0F94A21,44,82,51,21,40,2,118
0827321,254,170,166,207,68,14,147
0686421,161,79,230,88,92,205,100
09E1F21,163,46,72,214,212,30,173
0128C21,16,166,122,29,227,101,177
0466E21,61,137,102,252,31,247,156
04D9721,190,139,74,13,87,48,56
0F72221,234,37,157,241,226,106,149
063C621,61,137,34,223,230,163,126
0358621,240,20,163,252,202,244,185
0F28821,103,248,108,98,13,27,191
0E3B121,41,8,130,161,76,89,41
05E8721,164,219,73,140,69,63,11
099C921,73,205,92,173,93,231,97
0CCDB21,113,53,193,135,119,94,64
04CE921,108,57,6,59,74,193,236
0804921,140,98,129,11,143,71,71
0BF2921,232,117,162,224,203,228,45
093D521,113,132,199,112,7,227,248
0620C21,165,160,204,207,240,179,235
0A09D21,201,216,132,15,92,165,42
0FC9821,205,160,28,20,131,99,170
0A28921,217,132,251,172,93,245,127
042F221,112,101,54,174,175,12,26
0908F21,8,60,135,196,196,98,26
042E121,89,17,135,39,25,146,113
071F421,194,168,110,106,160,101,128
0AE5F21,148,133,131,204,26,51,241
0DFAA21,53,87,115,187,167,72,55
0813721,212,41,247,23,132,19,236
053CA21,210,237,133,5,164,15,191
0156B21,248,105,251,236,12,33,130
09D8121,8,63,28,144,90,179,197
0BF3221,205,130,60,194,82,114,13
048B321,51,108,32,156,52,100,253
0463821,89,16,30,195,52,78,244
0C69721,246,73,142,154,242,113,152
08F5021,149,239,197,232,16,240,60
0CEA121,138,101,148,165,128,172,225
02CA021,80,170,123,30,180,91,219
0BDE221,79,34,186,211,169,161,232
08A1F21,249,81,26,105,229,34,108
096ED21,23,28,203,74,194,122,226
0E83221,10,250,236,170,87,111,220
077C421,104,176,156,34,252,199,213
033AF21,105,170,124,167,150,148,86
0FC3121,146,234,199,197,254,173,182
0DC1B21,176,237,160,159,59,64,23
0DA0521,52,163,186,183,231,58,251
0E9F621,98,226,26,128,141,143,40
0058621,89,180,230,213,32,121,222
0AF1A21,35,163,70,36,120,3,91
00AF921,158,209,252,195,206,45,58
09D9C21,236,55,172,211,244,22,61
0C17521,222,85,6,190,2,47,185
08CAA21,52,187,9,235,186,128,49
0951621,199,63,144,154,138,191,192
0456721,95,173,64,204,236,207,33
0C7FE21,182,156,176,201,248,213,47
07F0E21,31,51,253,194,146,155,150
0EF0F21,93,111,114,197,15,211,231
0D08C21,156,227,129,142,199,13,152
0170C21,213,195,221,228,133,190,181
0F3C521,99,150,200,150,169,46,135
0A84C21,164,251,231,111,255,174,80
0C77821,23,113,48,178,189,94,38
07BD021,161,150,56,135,153,64,36
0C14921,77,148,142,30,197,78,141
0798621,155,46,150,207,179,73,60
0EC8B21,205,113,183,73,231,201,43
0D1B321,251,24,183,118,243,43,203
052FA21,75,182,41,230,58,164,141
0451F21,75,183,77,146,181,237,123
0D64321,246,200,203,78,204,211,24
0315221,14,227,252,126,23,6,35
023B321,148,157,21,25,161,194,57
0FE0D21,33,86,251,200,129,158,168
0C8DF21,208,109,237,1,215,220,2
02FFC21,158,164,75,193,65,52,181
04C7221,12,230,228,128,175,200,49
0E75121,43,104,125,159,251,83,169
0ACAA21,48,152,41,175,35,243,59
0C50F21,245,214,131,99,71,30,76
087E021,236,139,90,106,181,12,115
0498321,66,200,180,189,90,63,31
06E2721,111,89,246,83,189,249,183
0F4FF21,54,193,242,68,201,4,133
089F121,159,138,115,77,6,38,64
097FD21,181,78,87,139,30,121,57
01ECC21,60,174,146,56,251,124,1
0F83021,239,155,47,194,90,198,118
04F2F21,205,159,84,85,133,179,72
039F521,219,63,64,136,241,156,106
07BCB21,12,203,37,170,150,83,78
06A1121,212,42,150,21,42,245,145
0BD5521,7,255,231,202,183,247,38
0750221,97,152,145,32,182,16,157
0F17E21,180,41,217,230,75,221,51
0703C21,180,36,81,107,37,10,192
0F50D21,203,92,11,106,91,229,240
0F2EF21,191,250,208,52,170,223,242
0F8CC21,28,47,207,43,98,202,240
02B5D21,198,19,200,247,13,55,19
0635F21,213,109,160,175,169,177,113
00C0E21,156,219,222,93,193,88,78
0039F21,175,120,42,117,86,218,73
022B521,172,184,164,5,152,28,15
07E5A21,113,118,81,203,149,154,75
0E5A721,98,188,101,202,225,49,155
02EF021,164,253,204,139,190,70,16
0141A21,30,253,201,193,96,47,193
0D33821,77,91,108,78,221,133,78
0A86621,49,12,136,21,244,92,251
0768121,132,189,50,7,123,186,253
03B3A21,2,10,144,147,229,57,55
0920C21,11,176,25,142,208,40,159
06CFC21,31,145,74,106,233,132,169
0C8A721,38,48,163,251,24,80,99
0B98421,201,132,226,20,99,97,51
0562621,147,175,103,19,94,232,212
00CCE21,10,44,222,76,47,228,99
0E19621,1,185,180,106,222,160,250
0A0D221,52,176,149,19,195,27,189
0FFB321,67,108,36,107,61,42,125
00ABE21,107,95,198,117,96,203,132
033BE21,218,162,152,192,185,235,99
0AC8621,99,24,116,234,123,105,73
02ED121,1,209,138,37,1,26,161
079B521,132,206,134,173,6,50,236
0F5DB21,124,210,159,240,5,205,150
0B4C021,218,110,19,4,235,195,98
0EB0421,43,227,84,126,95,85,25
01FE921,197,37,199,106,119,89,106
082B721,249,200,135,103,99,52,252
0061921,161,42,111,64,109,37,53
05B8321,239,151,59,219,108,143,9
0DC8521,67,50,149,5,164,118,64
0A08E21,246,82,48,8,171,99,213
0595321,109,135,186,84,200,90,49
0B05621,182,123,123,76,182,72,174
0509721,24,4,234,231,86,161,175
02F9921,33,106,48,159,199,161,168
04A1A21,233,148,39,69,246,241,150
0682721,84,244,186,130,246,65,21
0E12B21,121,44,115,130,175,156,1
0C6C321,13,222,95,16,61,237,91
00AEA21,170,124,238,55,149,234,233
02EF321,76,122,16,163,119,125,207
064D421,167,46,234,104,128,238,252
0A99E21,245,32,102,69,35,191,22
0B8D221,177,134,113,48,33,241,41
0A68921,68,21,139,1,233,254,228
0CEB321,22,164,195,161,8,131,107
0F3A621,31,89,235,77,185,198,108
0A9FF21,187,240,227,155,255,107,122
0882A21,212,94,51,126,255,3,198
031F221,54,20,188,225,55,209,165
09F5221,119,141,36,233,137,251,240
081F321,31,233,149,156,1,58,192
0DA2921,218,11,191,48,96,104,101
0EF6121,24,173,3,9,3,178,219
0D16921,15,35,229,49,68,129,33
0229021,52,173,252,201,191,230,96
0879721,253,155,95,39,3,89,64
0001B21,196,98,145,239,139,142,205
0B10E21,95,172,210,141,196,193,131
0A5BD21,2,219,117,92,204,68,59
0A05E21,235,239,119,108,117,140,123
0707221,234,240,68,190,172,75,95
071A221,95,97,199,46,154,21,36
0200F21,74,185,162,210,76,44,5
0E1DA21,86,33,56,41,62,31,11
00EB521,86,107,95,161,119,233,194
0F8B521,216,151,11,159,102,10,232
0AA6A21,195,227,239,133,51,66,161
01B8621,31,215,228,53,254,184,187
06A9E21,29,188,26,227,66,30,110
0236421,235,71,105,200,8,153,201
0AD5921,229,131,246,85,218,19,77
05FD621,121,252,228,38,39,40,49
0C31B21,84,58,204,123,183,222,71
029A521,132,194,162,241,25,144,235
0BFAB21,128,35,38,61,21,130,73
03D8221,176,72,72,111,218,187,220
0A73821,180,187,57,31,186,192,198
0F5EA21,17,138,60,127,207,208,222
0E14421,43,253,224,228,173,100,204
05F3B21,184,4,216,174,190,196,133
0960421,45,236,88,207,46,110,49
040CB21,147,2,29,140,57,219,27
0E69F21,152,129,255,34,176,206,127
0071D21,46,229,35,251,203,231,160
0FC3D21,141,52,191,207,117,4,81
02C3D21,193,25,67,197,90,75,144
0DA1621,101,52,116,42,106,220,73
03E4021,233,74,115,31,44,28,220
0354C21,3,33,107,113,25,186,99
0201921,230,156,48,6,31,150,121
0120A21,67,252,170,68,14,223,190
0164B21,126,233,126,70,54,91,121
0B8A421,244,253,205,251,129,18,169
0338421,242,191,26,102,24,76,20
0628E21,46,166,201,217,149,191,16
0951121,164,164,143,134,238,66,111
0F00721,11,84,5,147,167,172,63
0D53721,108,137,202,65,5,127,109
07D6221,251,53,126,94,229,230,172
06A9321,211,129,150,8,126,186,10
0410C21,39,241,237,172,157,37,130
0B92D21,171,197,9,107,37,113,130
0817D21,147,63,196,3,133,199,61
0921321,69,56,25,17,165,55,105
0E28F21,173,208,129,255,75,189,26
0D52321,154,250,17,238,198,152,160
0A7CD21,91,177,30,242,15,18,51
04E9121,29,41,85,52,251,127,100
0B02321,56,248,116,70,14,105,195
004B421,63,95,83,88,8,245,250
089EB21,246,173,1,26,186,195,119
0332F21,145,51,98,239,161,222,217
0176421,123,28,102,35,101,171,153
02E0421,128,92,140,164,193,21,14
018BD21,64,149,51,192,96,136,29
0ABA621,253,218,102,228,107,30,194
054CE21,59,146,211,213,44,244,233
0ADE621,64,162,100,219,26,104,66
0AE9E21,137,147,63,254,79,128,192
0F53921,242,147,94,116,48,57,175
09A7C21,186,18,122,42,102,114,5
0F21621,46,135,4,105,5,71,174
0403321,135,94,122,86,23,237,173
01BDD21,130,35,85,88,33,21,9
0C13221,34,116,61,14,28,113,119
0189821,27,246,78,190,194,10,177
0711121,228,17,178,240,158,25,6
0A02B21,112,123,237,203,150,112,62
0029521,158,179,159,152,79,127,214
017AA21,130,46,27,21,153,125,2
0630721,169,199,207,103,72,241,33
0F7A321,109,132,192,246,163,62,251
0D9D121,61,10,105,122,240,31,223
0151921,51,2,130,63,186,229,163
095C921,80,21,12,212,187,128,235
0CCF121,156,54,226,75,64,95,246
0AE6921,188,99,77,73,203,13,239
0411E21,46,32,96,50,125,215,87
0AA7021,218,176,139,67,38,142,94
0929121,13,20,58,148,159,67,204
02D4021,159,103,27,127,132,45,81
0B21A21,189,251,128,223,129,135,178
099CE21,153,137,170,205,73,1,213
0CFBA21,225,127,207,41,190,75,180
0304D21,202,213,144,111,243,184,222
0CFFA21,142,150,164,37,123,21,92
0206F21,199,248,80,19,110,3,135
0077921,121,225,216,28,208,254,58
0D3EC21,82,234,56,14,119,139,113
0B07321,149,203,129,75,192,115,79
0E3FF21,160,164,137,114,113,99,104
01A3121,157,121,39,219,110,225,208
0069621,230,166,158,22,100,218,193
06B0721,186,234,135,103,27,173,184
06AD821,168,137,156,68,200,236,57
098CC21,240,129,45,139,176,127,204
0BC0A21,17,70,125,167,183,169,139
0514421,56,80,109,124,61,210,253
090E221,239,188,228,10,75,113,79
01BF321,184,177,175,35,37,224,62
013FA21,87,255,21,176,71,237,180
0EEDB21,96,213,45,66,242,150,17
0C29B21,161,30,52,177,246,44,151
04D8421,236,183,35,147,12,116,73
04D8A21,228,72,125,172,152,136,152
0DEAF21,3,228,186,186,151,55,119
08CE221,190,234,68,190,161,13,255
0F3B921,233,221,86,84,117,252,140
0215D21,188,37,166,29,101,78,199
0D1E921,232,187,125,223,87,16,125
04FCD21,80,150,86,131,161,21,53
0646021,50,18,113,85,58,63,86
0555321,41,3,64,207,174,25,193
0BCCF21,38,246,253,231,209,191,192
010F921,191,69,148,226,41,63,199
0899121,43,199,80,236,19,134,128
06C5121,148,223,230,121,209,110,125
035FB21,60,153,152,225,171,187,17
056DB21,170,126,204,219,25,135,51
04A3021,92,154,248,24,202,55,209
04DFC21,9,167,52,163,125,64,57
0F31121,54,105,168,145,234,13,149
02D9321,106,39,47,158,234,111,55
070BD21,62,149,91,93,33,179,255
0CE6121,104,235,123,170,149,15,227
0910C21,78,46,14,208,22,6,113
0606621,28,197,80,224,45,59,201
0593621,61,172,104,86,255,63,112
08A2021,82,20,3,85,183,237,238
0A59A21,246,67,91,198,249,69,61
0867421,181,235,75,180,162,149,68
0810221,31,152,130,165,71,154,225
0171021,106,190,141,168,226,190,240
0222921,30,230,100,109,73,113,159
018A821,99,178,158,77,81,95,6
0540421,40,142,3,251,22,4,193
0A54D21,250,179,22,172,33,119,1
039BF21,110,87,176,1,171,98,179
06C0D21,8,21,168,94,24,200,249
0ED6921,33,117,126,81,107,189,152
0A5BC21,180,167,205,204,140,112,59
0CF7421,7,65,136,255,16,91,226
0FF9521,192,137,124,74,48,92,29
0E6DF21,70,60,46,33,61,13,10
03DDE21,87,36,75,41,31,198,65
0025021,131,178,116,79,74,12,207
032D121,145,235,232,174,60,50,79
0E4B121,61,147,134,3,162,144,223
0B1AC21,129,140,80,22,205,40,129
0D32B21,140,190,254,165,68,189,110
0348521,111,248,159,192,234,152,40
05CB521,226,95,15,226,101,170,73
0B96421,70,244,33,12,105,65,85
0AB8621,23,244,162,64,75,19,106
0262521,28,168,5,254,212,224,31
0394221,216,120,27,219,96,44,180
0658E21,166,148,154,42,218,78,16
02C4221,17,14,164,185,80,154,133
069BF21,255,151,239,76,73,118,11
0491E21,96,246,224,88,12,127,241
0F2CC21,26,147,193,143,36,23,207
0BC7E21,169,150,177,138,78,62,147
0F85D21,111,201,129,44,56,232,201
01B4321,202,137,97,74,85,200,191
0C5A021,137,107,240,245,101,197,71
0D2B021,94,252,37,132,121,159,127
00AE921,5,182,123,205,100,90,50
0DC7721,79,181,66,78,85,77,218
0FD3321,248,181,155,164,167,127,129
0853021,244,123,226,56,85,183,124
06C2321,100,147,218,158,226,98,194
0517621,240,207,111,130,244,21,244
0382621,94,102,198,104,105,90,255
0022C21,61,27,69,126,231,44,42
034A221,160,189,174,6,166,31,178
0D61321,71,110,5,83,16,14,188
0C5AA21,180,183,114,147,57,191,234
01EAC21,76,164,249,28,249,187,160
0F98221,11,241,26,170,39,15,154
00A8B21,250,64,130,197,186,44,255
0262E21,228,186,165,105,26,54,229
0C6E521,14,244,241,105,58,195,57
0F93921,10,149,185,193,104,216,26
065A621,209,46,112,31,67,213,170
0080121,182,247,121,201,171,202,158
0C74E21,232,25,216,237,64,18,163
038B821,64,206,75,186,188,100,144
0CB4D21,166,82,3,96,176,117,26
0527821,96,207,198,119,136,175,144
06ECF21,80,188,213,145,153,4,183
0E19121,246,165,192,12,226,245,240
0378721,120,36,108,46,107,255,105
0070821,159,191,193,75,120,58,138
0C42E21,129,240,29,27,173,252,246
0A61A21,173,190,253,27,186,241,19
08A1B21,117,146,13,212,225,223,239
0E18321,212,119,14,78,148,90,63
0D14F21,86,219,146,117,104,247,8
0E1A621,133,223,83,235,78,162,71
0511321,46,31,6,174,132,126,232
0C8C221,218,44,170,181,176,86,179
0E23A21,195,162,85,215,49,249,100
0A6E121,78,227,231,195,53,53,90
00D3521,141,184,212,110,46,42,187
0368121,223,229,74,191,243,44,44
05D7721,142,190,236,127,26,65,121
0864121,187,50,77,93,182,126,106
0DF8F21,208,238,210,235,217,76,91
00F3121,243,154,244,63,114,222,76
0B2A621,26,126,1,194,122,171,176
00E7C21,73,167,16,251,131,166,117
01B4021,53,126,227,6,36,204,110
0F5D721,44,112,199,177,190,155,67
07B7D21,44,183,154,16,157,175,51
0017621,94,60,114,202,42,15,3
0C86F21,67,16,195,151,205,10,147
06FD821,234,249,77,222,120,229,214
0DE7221,72,56,170,178,108,225,155
0643821,20,72,11,189,3,129,160
0528421,54,23,169,205,154,220,56
0394521,229,144,96,32,7,210,221
0353221,178,149,215,169,236,139,148
0CE2B21,208,226,207,69,2,208,110
0BF3121,142,10,171,35,160,155,164
00EBD21,225,100,146,129,102,55,169
05F2E21,65,124,102,30,70,23,5
0AF2C21,138,200,87,13,111,43,155
0DA1F21,46,115,130,142,134,63,69
0D35C21,17,61,14,172,81,134,233
09AFC21,101,157,151,62,175,218,33
096FF21,101,117,178,132,159,176,163
037CE21,45,54,168,165,154,166,7
047AC21,69,230,42,178,219,72,233
095BA21,164,54,3,26,22,52,171
01E9A21,70,156,162,198,54,114,105
0964F21,31,76,40,207,91,118,103
01D2B21,29,215,210,175,122,204,91
0404021,149,115,146,255,184,18,134
0DF4621,135,91,25,72,173,56,123
04F3121,164,16,28,222,93,182,100
0CEA121,124,218,214,17,203,229,184
0DC1021,129,143,67,213,64,72,64
0D75F21,215,156,237,226,224,55,255
0EEDD21,236,250,137,6,255,136,123
0413821,162,121,84,139,45,14,70
02A1321,60,100,238,104,67,75,134
0A2EB21,156,189,1,41,249,202,105
0A84421,58,32,196,7,34,234,133
0552621,114,81,134,39,12,31,168
0CC8221,224,84,6,34,183,149,88
090D321,141,92,99,5,151,149,53
0F49921,36,193,208,68,213,56,123
07F3821,172,208,48,180,7,144,40
0DB3221,187,110,229,32,43,85,62
04B9B21,202,132,25,109,21,224,190
034A021,110,252,23,222,135,208,228
0803121,223,39,39,15,222,218,38
010D221,228,10,59,176,136,184,197
0B23021,148,207,184,83,10,151,145
0AF6021,238,208,118,198,103,126,129
0960B21,38,87,34,30,147,20,114
07A2221,75,156,60,38,128,195,175
070C321,236,114,199,170,207,158,91
07AB021,182,69,228,146,91,78,38
08D3521,193,83,24,226,220,67,246
0322C21,152,88,130,85,8,194,89
0F78921,200,61,230,196,7,223,150
0459121,15,246,6,187,104,230,90
0C76721,143,12,177,226,126,10,179
0D27921,254,230,192,55,56,181,180
024A521,19,71,132,197,63,193,244
0681621,220,178,172,220,60,76,231
0351A21,138,80,175,15,134,215,171
0785721,12,35,61,105,162,42,196
00A4121,15,130,14,124,146,222,172
0478B21,67,132,208,62,218,235,153
05F3A21,19,111,210,140,167,180,37
0031E21,243,173,82,102,189,81,34
071F421,239,253,184,56,200,81,114
0332C21,92,6,24,35,249,61,145
0ED0021,6,79,89,121,119,200,201
0A9F621,170,244,63,44,134,21,184
082B921,59,173,149,118,16,207,230
0F9D521,245,226,177,143,59,41,4
0EA2521,53,79,75,22,248,222,208
0C95B21,38,147,153,200,251,153,64
051C221,118,10,189,33,197,57,213
07E9721,27,218,235,223,249,104,124
08CFC21,98,2,227,229,3,156,195
00F8221,88,154,184,133,25,243,252
095C321,213,192,51,60,61,84,192
05D5F21,89,99,220,115,226,230,242
